20
G.Antetokounmpo 211 389 13 223 67 593 5090 1890 499 307
D.Booker 233 471 55 149 58 801 5305 1992 451 299
J.Brown 209 410 49 110 71 746 5595 1990 511 317
J.Butler 97 197 11 104 25 500 5595 1992 522 327
S.Curry 220 429 107 110 65 727 5545 2052 439 397
L.Doncic 231 457 53 219 71 751 5115 1740 539 438
A.Davis 195 338 7 146 38 655 5065 1871 536 304
K.Durant 252 455 38 189 78 882 5785 1993 512 352
J.Embiid 154 302 14 177 61 529 5520 1905 523 327
P.George 132 288 45 81 58 549 5520 1905 542 364
S.Gilgeous-Alexander 215 425 21 185 63 716 5405 2085 475 304
T.Haliburton 155 336 58 62 58 731 5280 1999 544 346
L.James 151 324 37 70 50 532 5065 1871 536 304
N.Jokic 161 255 15 115 61 606 5305 1906 474 332
D.Lillard 84 199 37 96 42 387 5330 1840 566 337
D.Mitchell 208 421 83 116 65 764 5645 1951 536 343
J.Morant 186 404 34 175 72 630 5330 2041 553 324
J.Tatum 221 461 74 187 53 811 5595 1990 511 317
T.Young 188 457 47 179 72 745 5570 2125 495 303
Z.Williamson 154 259 3 121 45 541 5355 1972 521 325

